Sensor Name:,kionix
Scale Range:,4
Serial Port:,/dev/ttyACM0
File Name:,res1
Time,X,Y,Z
9.5367431640625e-07,-0.009765625,0.009765625,1.0
0.050061702728271484,-0.005859375,0.009765625,1.005859
0.10056924819946289,-0.001953125,0.01171875,1.001953
0.15088438987731934,-0.005859375,0.009765625,0.9980469
0.20054078102111816,-0.0078125,0.01171875,1.001953
0.2501862049102783,-0.001953125,0.009765625,0.9941406
0.3007946014404297,-0.0078125,0.005859375,1.003906
0.35149645805358887,-0.00390625,0.0078125,0.9980469
0.4006967544555664,-0.0078125,0.009765625,1.001953
0.45084714889526367,-0.005859375,0.015625,1.0
0.49877190589904785,-0.009765625,0.01367188,1.007813
0.5509417057037354,-0.0078125,0.009765625,1.005859
0.6018590927124023,-0.01171875,0.009765625,1.003906
0.650773286819458,-0.005859375,0.015625,1.001953
0.7015895843505859,-0.005859375,0.01171875,1.003906
0.7498812675476074,-0.00390625,0.015625,0.9960938
0.8010780811309814,-0.0078125,0.01367188,1.007813
0.8506882190704346,-0.0078125,0.01757813,1.0
0.900827169418335,0.0,0.015625,0.9980469
0.9501097202301025,-0.00390625,0.015625,1.0
1.0004997253417969,-0.001953125,0.009765625,0.9960938
1.0505900382995605,-0.0078125,0.01757813,1.003906
1.1007275581359863,-0.00390625,0.01171875,1.003906
1.1487245559692383,-0.01171875,0.01171875,1.003906
1.1995995044708252,-0.005859375,0.01367188,0.9941406
1.249708652496338,-0.0078125,0.01367188,1.003906
1.29972243309021,-0.009765625,0.015625,1.003906
1.3495559692382812,-0.005859375,0.01171875,1.0
1.4013524055480957,-0.009765625,0.01171875,0.9960938
1.4504680633544922,-0.001953125,0.01367188,1.003906
1.5007836818695068,-0.005859375,0.01171875,1.007813
1.5508460998535156,-0.00390625,0.01367188,0.9980469
1.600147008895874,-0.001953125,0.0078125,1.001953
1.6498618125915527,-0.009765625,0.01171875,1.003906
1.700148344039917,-0.00390625,0.015625,1.001953
1.7498464584350586,-0.00390625,0.01367188,0.9941406
1.800727367401123,-0.0078125,0.01171875,1.001953
1.850365400314331,-0.01367188,0.009765625,1.007813
1.9004533290863037,-0.01171875,0.01367188,0.9980469
1.950683832168579,-0.005859375,0.00390625,1.001953
2.000108480453491,-0.01171875,0.009765625,1.001953
2.0504934787750244,-0.00390625,0.01367188,0.9941406
2.102416753768921,-0.0078125,0.01367188,1.005859
2.150106430053711,-0.00390625,0.01367188,0.9960938
2.2004952430725098,-0.0078125,0.01757813,1.001953
2.250380516052246,-0.0078125,0.01367188,1.0
2.3003957271575928,-0.005859375,0.015625,1.007813
2.350477695465088,-0.009765625,0.01367188,1.005859
2.4020802974700928,-0.001953125,0.01367188,0.9960938
2.451484203338623,-0.0078125,0.0078125,0.9980469
2.501443862915039,-0.001953125,0.01757813,0.9980469
2.5514309406280518,-0.0078125,0.01367188,1.001953
2.601794958114624,-0.001953125,0.009765625,1.001953
2.6508359909057617,-0.005859375,0.0078125,1.001953
2.700892686843872,0.0,0.01367188,0.9980469
2.750530958175659,-0.005859375,0.01367188,1.0
2.8000786304473877,-0.009765625,0.009765625,1.001953
2.850112199783325,-0.005859375,0.0078125,1.005859
2.900458812713623,-0.0078125,0.01171875,0.9941406
2.950833797454834,-0.005859375,0.01171875,1.001953
3.0009005069732666,-0.00390625,0.0078125,1.0
3.050363779067993,-0.00390625,0.01171875,0.9960938
3.100155830383301,-0.00390625,0.01367188,1.007813
3.150578022003174,0.0,0.01171875,0.9960938
3.1994802951812744,-0.0078125,0.01757813,1.007813
3.248478412628174,-0.009765625,0.01171875,1.007813
3.299997329711914,-0.0078125,0.01171875,1.003906
3.3505167961120605,-0.00390625,0.01171875,0.9941406
3.4005939960479736,-0.005859375,0.009765625,1.0
3.4502384662628174,0.0,0.01367188,0.9980469
3.5009877681732178,-0.01171875,0.01171875,0.9980469
3.550095558166504,-0.0078125,0.01367188,1.007813
3.601199150085449,-0.0078125,0.01953125,1.003906
3.6506149768829346,-0.0078125,0.01171875,1.003906
3.700792074203491,-0.005859375,0.01367188,0.9941406
3.7504754066467285,-0.001953125,0.015625,0.9960938
3.8006250858306885,-0.009765625,0.01171875,1.005859
3.850829839706421,-0.00390625,0.0078125,0.9960938
3.9005038738250732,-0.0078125,0.01171875,1.007813
3.950634717941284,-0.01171875,0.01171875,1.007813
4.001261234283447,-0.0078125,0.01757813,1.003906
4.051995515823364,-0.009765625,0.015625,1.0
4.1003663539886475,-0.009765625,0.01757813,0.9960938
4.149799346923828,-0.005859375,0.01171875,0.9960938
4.202761650085449,-0.009765625,0.009765625,0.9980469
4.249272346496582,-0.005859375,0.01171875,0.9980469
4.299834728240967,-0.001953125,0.01367188,0.9941406
4.349143981933594,-0.00390625,0.009765625,1.0
4.3988683223724365,-0.01171875,0.009765625,1.003906
4.449336767196655,-0.01171875,0.009765625,1.003906
4.49972128868103,-0.001953125,0.0078125,1.001953
4.549044847488403,-0.0078125,0.009765625,1.003906
4.598720073699951,-0.009765625,0.01367188,1.003906
4.649127244949341,-0.00390625,0.01171875,1.005859
4.700478792190552,-0.009765625,0.0078125,0.9960938
4.7500762939453125,-0.0078125,0.009765625,0.9980469
4.800322532653809,-0.009765625,0.01171875,1.0
4.8503594398498535,-0.0078125,0.0078125,1.0
4.9001288414001465,-0.0078125,0.01171875,1.001953
4.950258731842041,-0.00390625,0.01171875,0.9980469
5.000488042831421,-0.0078125,0.009765625,1.001953
5.050206899642944,-0.00390625,0.009765625,0.9941406
5.100680828094482,-0.009765625,0.01171875,1.0
5.15011191368103,-0.00390625,0.01757813,0.9960938
5.200728893280029,-0.0078125,0.01171875,1.003906
5.250381231307983,-0.005859375,0.01367188,0.9960938
5.300715446472168,-0.00390625,0.01171875,0.9960938
5.350291013717651,-0.005859375,0.01757813,1.001953
5.400758743286133,-0.005859375,0.009765625,1.005859
5.450125455856323,-0.0078125,0.005859375,0.9980469
5.500366687774658,-0.01171875,0.009765625,1.001953
5.550426959991455,-0.0078125,0.0078125,1.001953
5.600417375564575,-0.0078125,0.015625,1.005859
5.650284051895142,-0.005859375,0.005859375,0.9980469
5.700104475021362,-0.01171875,0.01757813,1.003906
5.750407695770264,-0.01171875,0.01367188,1.003906
5.80012059211731,-0.01171875,0.01171875,1.007813
5.850414991378784,-0.005859375,0.01367188,0.9980469
5.900474548339844,-0.0078125,0.015625,1.003906
5.9507222175598145,0.0,0.01171875,1.001953
6.000714302062988,-0.005859375,0.009765625,1.0
6.0501086711883545,-0.00390625,0.009765625,1.0
6.100758075714111,-0.00390625,0.009765625,0.9960938
6.150431394577026,-0.01171875,0.01171875,1.003906
6.2004101276397705,-0.009765625,0.0078125,1.005859
6.250794410705566,-0.0078125,0.009765625,1.003906
6.399950265884399,-0.009765625,0.01171875,1.005859
6.450941324234009,-0.01171875,0.01171875,1.005859
6.500117778778076,-0.009765625,0.01367188,1.0
6.549538612365723,0.0,0.009765625,1.003906
6.599864721298218,-0.001953125,0.01171875,0.9941406
6.650954723358154,0.001953125,0.01171875,0.9980469
6.700774192810059,-0.005859375,0.01171875,1.0
6.7504260540008545,0.0,0.003,0.1542969
6.800733804702759,0.9707031,0.001953125,0.1875
6.850044250488281,0.9746094,-0.01953125,0.2089844
6.900296449661255,1.007813,-0.009765625,0.1503906
6.950005769729614,0.9765625,-0.00390625,0.1582031
7.000404119491577,1.011719,0.05859375,0.04882813
7.050255298614502,0.9824219,0.01757813,0.1210938
7.100451469421387,0.984375,0.0,0.1445313
7.150547981262207,0.9882813,-0.005859375,0.1191406
7.200422286987305,0.9960938,0.009765625,0.07226563
7.25036358833313,1.005859,0.01171875,0.0703125
7.300190687179565,0.9941406,0.009765625,0.09765625
7.350668907165527,0.9863281,0.04296875,0.0859375
7.400264263153076,1.0,0.0078125,0.1171875
7.450815916061401,1.021484,0.015625,0.08398438
7.500615835189819,1.003906,0.03515625,0.0703125
7.550091743469238,0.9882813,0.0234375,0.09765625
7.600383758544922,0.9765625,0.02734375,0.04492188
7.650389194488525,0.9355469,0.04296875,0.001953125
7.700860977172852,0.9550781,0.078125,-0.04101563
7.7504472732543945,0.9921875,0.06835938,-0.02148438
7.799365282058716,1.03125,0.05859375,-0.01367188
7.850469589233398,1.033203,0.07226563,-0.0234375
7.900768280029297,1.003906,0.06054688,-0.009765625
7.950823545455933,1.003906,0.0546875,0.02539063
8.00019645690918,0.9921875,0.0390625,0.02734375
8.04988431930542,1.005859,0.0546875,0.0390625
8.100156307220459,1.013672,0.06445313,0.03125
8.149184942245483,1.005859,0.06445313,0.01953125
8.200885534286499,1.007813,0.05078125,-0.0234375
8.250800848007202,0.9355469,0.07421875,0.02734375
8.300380229949951,1.0625,0.015625,-0.0234375
8.350191116333008,0.9960938,0.0625,0.005859375
8.40062403678894,0.9941406,0.02929688,0.0078125
8.449272155761719,0.9902344,0.02929688,-0.015625
8.500897884368896,1.001953,0.02929688,-0.0078125
8.55057692527771,1.007813,0.05273438,-0.01953125
8.600761890411377,0.9980469,0.06054688,-0.02539063
8.650651216506958,0.9980469,0.05078125,-0.01757813
8.700607061386108,0.984375,0.03125,-0.0078125
8.750585317611694,0.9941406,0.0,0.02148438
8.800354957580566,0.9785156,-0.0078125,0.0234375
8.850184917449951,1.007813,0.0078125,0.02734375
8.900836706161499,1.005859,0.02929688,0.001953125
8.950615882873535,1.007813,0.03320313,-0.00390625
9.00040888786316,1.001953,0.03125,0.01171875
9.054391145706177,0.9941406,0.03125,0.02148438
9.09948444366455,1.005859,0.02148438,0.02929688
9.149277210235596,0.9882813,0.03125,0.01367188
9.199713468551636,1.007813,0.03710938,0.015625
9.249091386795044,0.9921875,0.02734375,0.01953125
9.298718929290771,1.001953,0.02539063,0.01757813
9.349036931991577,1.007813,0.03320313,0.02148438
9.399713039398193,1.005859,0.03320313,0.01171875
9.448357343673706,1.003906,0.0234375,0.02539063
9.49964189529419,0.9804688,0.02539063,0.01171875
9.548892259597778,0.9863281,0.03125,0.0
9.598539113998413,0.9980469,0.01953125,0.01171875
9.649290084838867,1.013672,0.02539063,0.01757813
9.70071816444397,1.001953,0.02734375,0.02929688
9.750831365585327,0.9902344,0.03320313,0.02929688
9.80031943321228,1.0,0.03125,0.01757813
9.852253913879395,1.005859,0.04101563,0.00390625
9.899214029312134,1.001953,0.03320313,0.0234375
9.94929575920105,0.9941406,0.02734375,0.03125
9.99921703338623,1.007813,0.02734375,0.02148438
10.049895286560059,1.0,0.03125,0.02539063
10.098419904708862,1.001953,0.02539063,0.01953125
10.150826454162598,0.9921875,0.02734375,0.02734375
10.200539588928223,1.003906,0.02148438,0.02148438
10.250568389892578,1.005859,0.02148438,0.02734375
10.301062822341919,0.9980469,0.01953125,0.02929688
10.350282192230225,0.9902344,0.01757813,0.01953125
10.399988174438477,0.9980469,0.01171875,0.03710938
10.4503014087677,0.9902344,0.01367188,0.0390625
10.500434875488281,1.001953,0.02539063,0.02929688
10.550599813461304,0.9980469,0.02148438,0.04296875
10.60088562965393,1.007813,0.02148438,0.03710938
10.649078845977783,1.003906,0.02539063,0.04101563
10.700305938720703,1.001953,0.0234375,0.03710938
10.750295639038086,0.9960938,0.01953125,0.04882813
10.800698518753052,1.025391,0.00390625,0.03710938
10.850640535354614,1.007813,0.03125,0.02734375
10.90030813217163,1.048828,-0.005859375,0.09570313
10.950607299804688,1.091797,-0.046875,0.1347656
11.00085186958313,0.8066406,-0.1113281,0.4277344
11.050660133361816,0.8417969,-0.09765625,0.3476563
11.100298404693604,0.8476563,-0.1132813,0.3828125
11.150283336639404,0.9003906,-0.09179688,0.3476563
11.200443267822266,0.9453125,-0.1132813,0.3613281
11.25043272972107,0.9472656,-0.1445313,0.4492188
11.30080771446228,0.8613281,-0.1210938,0.4238281
11.350213050842285,0.8339844,-0.1523438,0.484375
11.400843620300293,0.8300781,-0.1816406,0.5253906
11.450117826461792,0.8300781,-0.25,0.5839844
11.500401496887207,0.8808594,-0.2167969,0.6015625
11.550695657730103,0.8203125,-0.203125,0.5761719
11.600861072540283,0.7246094,-0.1484375,0.4667969
11.650169134140015,0.7949219,-0.1738281,0.4746094
11.700414896011353,0.6914063,-0.2421875,0.5957031
11.750865697860718,0.8984375,-0.2382813,0.7050781
11.800215721130371,0.9042969,-0.25,0.6914063
11.850475072860718,0.8847656,-0.2226563,0.6132813
11.900282382965088,0.6699219,-0.203125,0.5820313
11.950947761535645,0.5683594,-0.3300781,0.6875
12.0004403591156,0.484375,-0.3769531,0.7148438
12.05011248588562,0.4648438,-0.3535156,0.7480469
12.1008620262146,0.6230469,-0.3359375,0.6777344
12.150790691375732,0.6289063,-0.3320313,0.6816406
12.200704097747803,0.625,-0.3515625,0.7402344
12.25040340423584,0.5566406,-0.3476563,0.7714844
12.299165964126587,0.5644531,-0.3847656,0.7929688
12.350136518478394,0.6191406,-0.3574219,0.75
12.400119304656982,0.5527344,-0.3691406,0.7675781
12.450114965438843,0.4824219,-0.3554688,0.7851563
12.500405311584473,0.4667969,-0.3574219,0.7753906
12.550642490386963,0.4257813,-0.3984375,0.8066406
12.601044416427612,0.4003906,-0.4042969,0.7988281
12.650429487228394,0.4238281,-0.4140625,0.7539063
12.700491428375244,0.4609375,-0.4609375,0.7636719
12.749489545822144,0.4492188,-0.4589844,0.7753906
12.79916763305664,0.4355469,-0.4492188,0.7578125
12.848766803741455,0.4042969,-0.4707031,0.75
12.901212215423584,0.3242188,-0.4824219,0.75
12.950845003128052,0.265625,-0.4824219,0.7519531
13.001227855682373,0.2539063,-0.4980469,0.7832031
13.05090618133545,0.328125,-0.46875,0.7402344
13.099807024002075,0.3398438,-0.4824219,0.7441406
13.14978575706482,0.3261719,-0.453125,0.7597656
13.199869394302368,0.359375,-0.5117188,0.8144531
13.250150442123413,0.4257813,-0.4648438,0.8203125
13.300219297409058,0.3652344,-0.46875,0.828125
13.350786685943604,0.34375,-0.4414063,0.796875
13.40054202079773,0.3359375,-0.4257813,0.7929688
13.450498580932617,0.3007813,-0.4179688,0.7890625
13.500372171401978,0.2988281,-0.4433594,0.8222656
13.550691843032837,0.3320313,-0.4726563,0.875
13.600851058959961,0.4179688,-0.4570313,0.8984375
13.650405168533325,0.4472656,-0.4140625,0.8378906
13.700427055358887,0.4609375,-0.4257813,0.7871094
13.75085735321045,0.4101563,-0.4042969,0.7675781
13.800675868988037,0.3789063,-0.4101563,0.7226563
13.850409507751465,0.4003906,-0.3652344,0.6796875
13.900818824768066,0.4628906,-0.4003906,0.6738281
13.950342416763306,0.4824219,-0.421875,0.6757813
14.000699281692505,0.5644531,-0.34375,0.7363281
14.050283908843994,0.6621094,-0.3320313,0.7265625
14.100316762924194,0.6953125,-0.3515625,0.7597656
14.150057792663574,0.8105469,-0.34375,0.7148438
14.200774192810059,0.8085938,-0.171875,0.65625
14.250535249710083,0.7089844,-0.1523438,0.6210938
14.300152778625488,0.734375,-0.109375,0.6445313
14.350217342376709,0.8359375,-0.07226563,0.6582031
14.400279998779297,0.859375,-0.01367188,0.6171875
14.451058387756348,0.8300781,0.05078125,0.5195313
14.50083303451538,0.8164063,-0.0078125,0.5410156
14.549746751785278,0.7988281,-0.01367188,0.6054688
14.600546598434448,0.703125,0.015625,0.7324219
14.651018381118774,0.6894531,0.1054688,0.3457031
14.700335502624512,1.09375,-0.1835938,0.4746094
14.749106645584106,0.9433594,-0.01171875,0.8261719
14.800241708755493,0.65625,-0.04101563,0.6367188
14.849057912826538,0.7949219,-0.09375,0.6699219
14.900136470794678,0.7207031,0.125,0.640625
14.95093321800232,0.7734375,0.04492188,0.6972656
15.00032114982605,0.6699219,0.07421875,0.6875
15.050634622573853,0.6503906,0.0546875,0.7265625
15.100236415863037,0.6328125,0.1054688,0.6953125
15.150757789611816,0.6953125,0.1621094,0.9257813
15.200658321380615,0.578125,0.08007813,0.8085938
15.250822305679321,0.5292969,0.05664063,0.8398438
15.300231695175171,0.5058594,0.05664063,0.8496094
15.350014209747314,0.53125,0.05664063,0.08007813
15.400482416152954,0.125,0.1054688,0.953125
15.450098276138306,0.3964844,0.125,0.953125
15.500271797180176,0.3886719,0.1347656,0.9101563
15.550793886184692,0.3652344,0.1289063,0.9296875
15.600274324417114,0.3085938,0.1210938,0.9238281
15.65152096748352,0.2988281,0.1230469,0.9277344
15.700881719589233,0.1660156,0.1230469,1.001953
15.750667810440063,0.1582031,0.15625,0.9960938
15.800323486328125,0.1523438,0.1328125,0.9707031
15.851306438446045,0.1054688,0.1582031,0.9921875
15.900407552719116,0.1152344,0.08398438,0.9804688
15.950621604919434,0.1542969,0.2011719,0.9863281
16.000543117523193,0.1347656,0.07421875,0.984375
16.049983978271484,0.1113281,0.203125,0.984375
16.098811864852905,0.06445313,0.05078125,0.96875
16.149810791015625,0.1230469,0.1328125,1.0
16.200390338897705,0.05859375,0.02734375,0.9921875
16.25044536590576,0.03710938,0.1191406,0.9921875
16.300812482833862,0.0859375,0.1992188,0.9960938
16.350715398788452,-0.01953125,-0.0390625,0.9882813
16.400728225708008,0.02539063,0.1035156,1.027344
16.450720071792603,0.1269531,0.1777344,0.9980469
16.50071096420288,0.05273438,0.06640625,1.005859
16.550048351287842,0.046875,0.04882813,0.9960938
16.60021996498108,0.04101563,0.04882813,1.003906
16.65123963356018,0.04882813,0.02148438,1.003906
16.70073962211609,0.04296875,-0.03125,1.007813
16.750552892684937,0.04101563,0.05859375,1.013672
16.800539016723633,0.03515625,0.046875,0.9863281
16.85043954849243,0.03515625,0.03125,0.9921875
16.90064311027527,0.04101563,0.01953125,0.9882813
16.94999647140503,0.0390625,0.02929688,1.005859
17.000702619552612,0.02929688,0.02734375,1.0
17.050328969955444,0.02929688,0.01757813,0.9941406
17.10018825531006,0.02929688,0.02148438,1.007813
17.15027928352356,0.03125,0.0234375,0.9941406
17.200393676757812,0.03710938,0.02539063,0.9960938
17.2504620552063,0.03515625,0.0234375,0.9902344
17.350140810012817,0.001953125,0.05078125,1.0
17.45096254348755,0.03515625,0.01953125,1.001953
17.501461029052734,0.03710938,0.02734375,1.007813
17.551520824432373,0.0390625,0.03125,0.9882813
17.6004478931427,0.03515625,0.04101563,0.9980469
17.65048360824585,0.04296875,0.0390625,0.9941406
17.701250076293945,0.04101563,0.03320313,0.9941406
17.750725269317627,0.04492188,0.03125,0.9921875
17.850491523742676,0.001953125,0.05078125,1.0
17.900960445404053,0.001953125,0.0546875,1.0
17.950212240219116,0.001953125,0.0546875,1.003906
18.00036382675171,0.001953125,0.05664063,1.0
18.049565315246582,0.001953125,0.05664063,1.003906
18.0995831489563,0.0,0.0546875,1.003906
18.14978861808777,0.005859375,0.05664063,0.9960938
18.200692653656006,0.005859375,0.0546875,0.9980469
18.24997639656067,0.005859375,0.05664063,1.003906
18.300493478775024,0.00390625,0.05273438,1.001953
18.35054922103882,0.00390625,0.05078125,1.005859
18.39939522743225,0.00390625,0.05273438,1.001953
18.449867486953735,0.005859375,0.05273438,1.003906
18.500990867614746,0.00390625,0.05664063,1.005859
18.550737857818604,0.0078125,0.05664063,0.9960938
18.60117483139038,0.005859375,0.05664063,1.005859
18.650599479675293,0.00390625,0.05859375,1.005859
