Sensor Name:,kionix
Scale Range:,2
Serial Port:,/dev/ttyACM0
File Name:,res3
Time,X,Y,Z
1.430511474609375e-06,0.001953125,0.05761719,1.000977
0.049837350845336914,0.001953125,0.05175781,1.000977
0.09914517402648926,0.0,0.0546875,1.004883
0.14972281455993652,0.0009765625,0.05761719,1.001953
0.20006704330444336,0.004882813,0.05078125,1.001953
0.2501380443572998,0.001953125,0.05566406,1.000977
0.29982566833496094,0.002929688,0.05566406,1.001953
0.34990930557250977,0.00390625,0.05566406,1.000977
0.39801788330078125,0.001953125,0.05273438,1.003906
0.4483928680419922,0.0,0.05664063,1.003906
0.4988977909088135,0.00390625,0.05664063,0.9960938
0.5499060153961182,0.0009765625,0.04882813,1.003906
0.5997030735015869,-0.001953125,0.05175781,1.00293
0.6486272811889648,0.00390625,0.05957031,0.9960938
0.7002604007720947,0.001953125,0.05273438,0.9990234
0.7499487400054932,-0.002929688,0.05371094,1.003906
0.8002023696899414,0.001953125,0.05175781,1.004883
0.850252628326416,0.002929688,0.0546875,0.9990234
0.9001152515411377,0.00390625,0.05175781,1.001953
0.9484617710113525,0.004882813,0.05371094,1.00293
0.9990658760070801,0.0,0.05371094,1.005859
1.050593376159668,0.00390625,0.05371094,0.9990234
1.1003191471099854,0.0009765625,0.05566406,1.003906
1.1501998901367188,0.001953125,0.05371094,0.9990234
1.200016975402832,0.001953125,0.04980469,0.9980469
1.2507178783416748,0.001953125,0.04882813,0.9960938
1.3002452850341797,-0.0009765625,0.05761719,1.000977
1.3497443199157715,0.005859375,0.05175781,0.9912109
1.400024652481079,0.0,0.05078125,1.000977
1.4497573375701904,-0.0009765625,0.0546875,1.004883
1.5000505447387695,0.0009765625,0.05175781,1.000977
1.550370693206787,0.0,0.0546875,1.001953
1.5998177528381348,0.0009765625,0.05371094,1.001953
1.6502690315246582,0.0078125,0.05273438,0.9951172
1.6996774673461914,-0.001953125,0.0546875,1.00293
1.750455379486084,0.005859375,0.04882813,0.9931641
1.8001322746276855,0.001953125,0.0546875,0.9990234
1.8500895500183105,0.0,0.05761719,0.9980469
1.9001100063323975,0.0009765625,0.05273438,0.9970703
1.9497697353363037,0.001953125,0.05273438,0.9960938
2.0001254081726074,-0.001953125,0.05273438,1.004883
2.0497424602508545,-0.0009765625,0.05078125,1.0
2.100144147872925,0.00390625,0.05078125,0.9970703
2.149749517440796,0.004882813,0.05566406,1.000977
2.199566602706909,0.001953125,0.05566406,1.00293
2.2501492500305176,0.004882813,0.05371094,0.9980469
2.298966407775879,0.0009765625,0.05566406,1.0
2.349325656890869,0.00390625,0.05566406,0.9990234
2.4000308513641357,0.0,0.05566406,1.000977
2.4495182037353516,0.002929688,0.05664063,0.9980469
2.4998013973236084,0.001953125,0.04980469,0.9951172
2.549718141555786,0.0009765625,0.0546875,1.005859
2.5998802185058594,-0.0009765625,0.05761719,1.000977
2.6497907638549805,0.0,0.0546875,1.00293
2.6997931003570557,0.00390625,0.0546875,0.9960938
2.7500295639038086,0.00390625,0.05175781,0.9990234
2.7995193004608154,-0.002929688,0.0546875,1.00293
2.8501553535461426,-0.002929688,0.05566406,1.001953
2.899768114089966,0.001953125,0.05273438,0.9990234
2.949604034423828,0.00390625,0.04882813,1.0
2.999612331390381,0.002929688,0.05273438,0.9990234
3.049696922302246,0.004882813,0.05371094,0.9980469
3.099684953689575,0.002929688,0.05175781,0.9970703
3.149909019470215,0.0009765625,0.0546875,1.0
3.1996042728424072,0.0,0.0546875,1.007813
3.2498703002929688,0.001953125,0.05664063,1.003906
3.3006913661956787,0.0009765625,0.05664063,0.9980469
3.3505806922912598,-0.0009765625,0.05175781,1.003906
3.400758743286133,0.002929688,0.05175781,1.001953
3.4502017498016357,0.001953125,0.05664063,1.005859
3.499502420425415,0.00390625,0.05273438,0.9970703
3.548672676086426,0.001953125,0.05273438,0.9951172
3.6000547409057617,0.01074219,0.0546875,0.9960938
3.649402379989624,0.004882813,0.05957031,1.0
3.699911117553711,0.002929688,0.05078125,1.0
3.7502458095550537,0.001953125,0.05175781,1.0
3.7997074127197266,0.004882813,0.0546875,1.003906
3.8500776290893555,0.0078125,0.0546875,0.9941406
3.9001808166503906,0.00390625,0.05664063,0.9951172
3.9496939182281494,0.0009765625,0.05566406,1.004883
3.9995718002319336,0.00390625,0.05273438,0.9990234
4.04949164390564,0.00390625,0.05371094,0.9960938
4.099815845489502,0.001953125,0.05859375,0.9990234
4.150141716003418,0.0009765625,0.05566406,1.003906
4.200173377990723,-0.0009765625,0.05078125,1.001953
4.250274658203125,0.006835938,0.0546875,0.9941406
4.300163507461548,0.00390625,0.05078125,0.9980469
4.349940538406372,0.005859375,0.05371094,0.9951172
4.400392293930054,0.0009765625,0.05273438,1.001953
4.44983696937561,0.001953125,0.05273438,1.001953
4.499140977859497,0.001953125,0.05761719,0.9990234
4.550116777420044,0.004882813,0.05664063,1.000977
4.599782943725586,0.00390625,0.0546875,1.00293
4.651226043701172,-0.0009765625,0.05273438,1.005859
4.70179009437561,0.002929688,0.0546875,1.001953
4.749690294265747,0.002929688,0.05761719,0.9951172
4.800142288208008,0.0009765625,0.04980469,1.003906
4.8500165939331055,-0.001953125,0.05175781,1.005859
4.900209426879883,0.00390625,0.05273438,0.9970703
4.949897050857544,0.006835938,0.05371094,0.9970703
5.000349283218384,0.005859375,0.05761719,0.9970703
5.050173282623291,0.00390625,0.05371094,0.9990234
5.100114345550537,0.0009765625,0.05371094,1.00293
5.1493916511535645,0.002929688,0.05566406,1.00293
5.199398517608643,0.00390625,0.05078125,1.000977
5.250277519226074,0.004882813,0.05175781,1.000977
5.299221754074097,0.0,0.05664063,1.0
5.35032320022583,0.0009765625,0.05761719,1.001953
5.400204181671143,-0.0009765625,0.0546875,1.0
5.4500133991241455,0.0,0.05664063,1.001953
5.501933574676514,0.001953125,0.05761719,0.9960938
5.549719572067261,0.00390625,0.05761719,0.9990234
5.599832773208618,0.0078125,0.05273438,0.9980469
5.650151014328003,0.005859375,0.05078125,1.00293
5.700174808502197,0.009765625,0.0546875,0.9980469
5.749629020690918,0.0078125,0.05273438,1.0
5.799771308898926,0.0078125,0.05371094,1.004883
5.8496434688568115,0.00390625,0.0546875,1.005859
5.899497747421265,-0.0009765625,0.04785156,1.003906
5.948868751525879,-0.0009765625,0.05664063,1.001953
6.000135183334351,0.0,0.05175781,1.005859
6.048356533050537,-0.001953125,0.05859375,1.003906
6.1008360385894775,-0.002929688,0.05273438,1.003906
6.1501452922821045,0.0,0.05371094,0.9970703
6.20012903213501,-0.002929688,0.04980469,1.003906
6.249947786331177,0.002929688,0.05273438,0.9980469
6.300013780593872,0.0009765625,0.05175781,1.0
6.3500893115997314,0.004882813,0.05566406,1.0
6.399510383605957,0.005859375,0.05273438,0.9951172
6.44996976852417,0.008789063,0.05273438,0.9960938
6.49997091293335,0.005859375,0.0546875,1.004883
6.549854040145874,0.0078125,0.05273438,1.0
6.600139141082764,0.005859375,0.0546875,0.9814453
6.650750398635864,0.0009765625,0.0546875,1.005859
6.701548099517822,-0.005859375,0.04589844,1.009766
6.750502109527588,-0.002929688,0.04394531,1.005859
6.800406455993652,-0.001953125,0.0390625,1.001953
6.849815130233765,-0.004882813,0.04980469,1.00293
6.899565696716309,0.00390625,0.04785156,1.003906
6.950067043304443,0.0,0.04882813,1.003906
7.00031304359436,0.004882813,0.04980469,0.9960938
7.051035642623901,-0.001953125,0.05273438,0.9941406
7.099516153335571,0.0009765625,0.04980469,0.9970703
7.150564908981323,-0.001953125,0.05078125,1.004883
7.199526309967041,0.04101563,0.04980469,0.9912109
7.249898910522461,0.03222656,0.05078125,1.014648
7.299904108047485,0.03808594,0.04394531,0.9707031
7.349856376647949,0.01660156,0.04199219,1.008789
7.399493932723999,0.0,0.03417969,1.008789
7.450169086456299,0.01367188,0.03515625,1.010742
7.499794244766235,0.03222656,0.04101563,0.9951172
7.5512590408325195,0.02832031,0.03710938,0.9960938
7.6004509925842285,0.02441406,0.04101563,0.9951172
7.65038537979126,0.03125,0.05175781,0.9941406
7.700082302093506,0.04199219,0.05371094,0.9921875
7.7496984004974365,0.04589844,0.05761719,1.0
7.7993388175964355,0.1171875,0.1005859,0.9941406
7.850385427474976,0.03808594,0.1826172,1.010742
7.899672746658325,0.08691406,0.2197266,0.9873047
7.949815988540649,0.00390625,-0.03808594,0.9980469
7.999968528747559,0.07324219,0.1201172,1.006836
8.05015254020691,-0.06347656,0.04003906,1.021484
8.099757671356201,0.06738281,0.1035156,0.9482422
8.150107860565186,0.05371094,0.1494141,1.068359
8.199502944946289,0.1611328,-0.02636719,1.020508
8.250128746032715,0.2080078,0.02539063,0.9804688
8.300065040588379,0.3037109,-0.004882813,0.9638672
8.3508882522583,0.390625,0.03027344,0.9003906
8.399727821350098,0.4970703,0.008789063,0.8505859
8.451199054718018,0.5576172,0.04296875,0.8115234
8.499909162521362,0.5927734,0.05566406,0.8203125
8.549874782562256,0.7050781,0.05859375,0.6542969
8.60017728805542,0.7919922,0.02929688,0.5996094
8.649928569793701,0.8271484,0.07617188,0.5263672
8.700467109680176,0.8837891,0.1152344,0.4160156
8.750295400619507,0.9306641,0.140625,0.3486328
8.800265789031982,0.9482422,0.1210938,0.2021484
8.849995851516724,0.9541016,0.05664063,0.1445313
8.900364875793457,0.9541016,0.1279297,0.1347656
8.950721740722656,1.026367,0.1542969,0.03320313
8.999819993972778,1.0,0.1386719,-0.01953125
9.050607442855835,1.0,0.02636719,-0.03613281
9.100166320800781,0.9746094,0.2167969,0.001953125
9.150161504745483,1.000977,0.1542969,-0.01464844
9.200240135192871,0.9853516,0.1474609,-0.03125
9.250486373901367,1.001953,0.1337891,-0.08789063
9.299959182739258,0.9970703,0.125,-0.1230469
9.351536750793457,0.9931641,0.1142578,-0.1142578
9.398752689361572,0.9892578,0.1132813,-0.1074219
9.44950819015503,0.9902344,0.1376953,-0.09375
9.499215126037598,0.9902344,0.1289063,-0.1162109
9.548747539520264,0.9873047,0.1191406,-0.1396484
9.60119104385376,0.9951172,0.1201172,-0.1279297
9.649719715118408,0.9863281,0.1269531,-0.1396484
9.699479579925537,0.9980469,0.1367188,-0.1318359
9.748894929885864,0.9921875,0.1181641,-0.1542969
9.798627853393555,0.9882813,0.1220703,-0.1611328
9.847862243652344,0.9863281,0.1044922,-0.1708984
9.900930404663086,0.9853516,0.1474609,-0.1552734
9.949561595916748,0.9882813,0.1279297,-0.1601563
9.998372554779053,0.9921875,0.1201172,-0.1845703
10.049707412719727,0.9804688,0.1191406,-0.1757813
10.100494146347046,0.9833984,0.1220703,-0.1767578
10.199973344802856,0.9882813,0.1171875,-0.1787109
10.249785661697388,0.9912109,0.1162109,-0.1806641
10.30216360092163,0.9824219,0.1191406,-0.1835938
10.35032057762146,0.9921875,0.1220703,-0.1884766
10.399944543838501,0.9873047,0.125,-0.1943359
10.44971251487732,0.9882813,0.1152344,-0.1972656
10.499924421310425,0.9814453,0.125,-0.1982422
10.550403356552124,0.9794922,0.1181641,-0.1943359
10.600034236907959,0.9804689492188,0.03222656,-0.3730469
10.649757146835327,0.9462891,0.03808594,-0.3642578
10.70108675956726,0.9492188,0.0390625,-0.3701172
10.748528242111206,0.9482422,0.04296875,-0.3662109
10.800122737884521,0.9482422,0.04199219,-0.3740234
10.84999942779541,0.9453125,0.04003906,-0.3710938
10.899662733078003,0.9482422,0.04199219,-0.3730469
10.95002293586731,0.9511719,0.04003906,-0.3759766
10.999756097793579,0.9462891,0.03710938,-0.3730469
11.049866914749146,0.9433594,0.04101563,-0.3740234
11.099785327911377,0.9443359,0.04394531,-0.3740234
11.150587797164917,0.9453125,0.04394531,-0.3789063
11.199702501296997,0.9414063,0.046875,-0.3798828
11.249781131744385,0.9433594,0.0390625,-0.3769531
11.300833702087402,0.9462891,0.04199219,-0.375
11.349693298339844,0.9472656,0.04003906,-0.3818359
11.399311304092407,0.9462891,0.04296875,-0.3759766
11.450127363204956,0.9443359,0.03613281,-0.3779297
11.500234127044678,0.9462891,0.04394531,-0.3789063
11.549748182296753,1.067383,0.04492188,-0.4511719
11.600187540054321,0.8339844,0.02539063,-0.234375
11.650172472000122,0.9511719,0.05078125,-0.3212891
11.699746131896973,0.9638672,0.04394531,-0.3076172
11.750048875808716,0.9716797,0.04492188,-0.3056641
11.799650430679321,0.9697266,0.04199219,-0.3056641
11.849440813064575,0.9697266,0.04882813,-0.3017578
11.90027141571045,0.9746094,0.04492188,-0.3037109
11.950199842453003,0.9726563,0.046875,-0.3017578
12.000148296356201,0.9736328,0.04394531,-0.2988281
12.049749612808228,0.9746094,0.04296875,-0.2958984
12.100082397460938,0.9775391,0.04101563,-0.2929688
12.149664640426636,0.9775391,0.04296875,-0.2919922
12.199679851531982,0.9775391,0.04101563,-0.2792969
12.248614311218262,0.9785156,0.04296875,-0.2900391
12.299991846084595,0.9775391,0.04296875,-0.2910156
12.350660562515259,0.9804688,0.0390625,-0.2900391
12.400813579559326,0.9775391,0.04492188,-0.2900391
12.450666189193726,0.9785156,0.04589844,-0.2890625
12.500012874603271,0.9785156,0.04296875,-0.2861328
12.550183534622192,0.9765625,0.04394531,-0.2910156
12.600033283233643,0.9765625,0.04882813,-0.2919922
12.650229930877686,0.9794922,0.04492188,-0.2783203
12.699968338012695,0.9726563,0.04785156,-0.2685547
12.749626636505127,0.9804688,0.04394531,-0.2695313
12.799962043762207,0.9794922,0.05078125,-0.2714844
12.850175857543945,0.9853516,0.04589844,-0.2675781
12.89961862564087,0.9912109,0.04980469,-0.2597656
12.950494050979614,0.9667969,0.05566406,-0.2578125
13.000325918197632,0.9863281,0.0546875,-0.2294922
13.050163745880127,0.9833984,0.05371094,-0.2324219
13.099599123001099,0.9873047,0.05859375,-0.2353516
13.149503946304321,0.9824219,0.05273438,-0.21875
13.199277877807617,0.9960938,0.0625,-0.2207031
13.250211954116821,0.9863281,0.05761719,-0.2285156
13.300230264663696,0.9863281,0.05859375,-0.2089844
13.349852800369263,0.9941406,0.0625,-0.2177734
13.39981198310852,0.9902344,0.06347656,-0.2138672
13.450006484985352,0.9902344,0.06347656,-0.2060547
13.49992847442627,0.9902344,0.06347656,-0.2167969
13.55005931854248,0.9902344,0.05957031,-0.2158203
13.599987506866455,0.9892578,0.05761719,-0.2119141
13.649856090545654,0.9902344,0.05664063,-0.2148438
13.699604511260986,0.9863281,0.05566406,-0.2167969
13.75009799003601,0.9912109,0.06152344,-0.2167969
13.80017900466919,0.9931641,0.0546875,-0.2177734
13.850804090499878,0.9921875,0.05957031,-0.2226563
13.900367498397827,0.9882813,0.05664063,-0.2099609
13.950130939483643,0.9912109,0.05664063,-0.2167969
14.000706434249878,0.9873047,0.0546875,-0.2167969
14.050286531448364,0.9921875,0.04980469,-0.2177734
14.100338459014893,0.9882813,0.05175781,-0.2138672
14.1507248878479,0.9912109,0.04589844,-0.2177734
14.19907021522522,0.9941406,0.05078125,-0.21875
14.250411987304688,0.9902344,0.05761719,-0.2138672
14.300121307373047,0.9931641,0.05175781,-0.2167969
14.349929571151733,0.9873047,0.04589844,-0.2148438
14.398754119873047,0.9912109,0.046875,-0.2158203
14.44951605796814,0.9912109,0.05175781,-0.2246094
14.499337434768677,0.9902344,0.04199219,-0.2197266
14.54939889907837,0.9941406,0.04003906,-0.2197266
14.599458932876587,0.9912109,0.04003906,-0.2226563
14.649206161499023,0.9892578,0.04101563,-0.2128906
14.699318885803223,0.9921875,0.04003906,-0.2138672
14.74932861328125,0.9882813,0.04882813,-0.2148438
14.798945188522339,0.9951172,0.0390625,-0.2148438
14.848061323165894,0.9882813,0.04101563,-0.2138672
14.90011978149414,0.9912109,0.04589844,-0.2158203
14.950114011764526,0.9863281,0.04003906,-0.2119141
15.000084638595581,0.9882813,0.04003906,-0.2158203
15.049678564071655,0.9892578,0.04199219,-0.2138672
15.101983785629272,0.9892578,0.03710938,-0.2119141
15.149893283843994,0.9931641,0.046875,-0.2236328
15.199996948242188,0.9921875,0.04003906,-0.2216797
15.249680519104004,0.9921875,0.04492188,-0.2021484
15.299781322479248,0.9921875,0.04980469,-0.2050781
15.350327253341675,0.9931641,0.046875,-0.1914063
15.400068521499634,0.9970703,0.04882813,-0.1933594
15.450321912765503,0.9990234,0.05566406,-0.1904297
15.500140905380249,0.9990234,0.04980469,-0.1650391
15.549616813659668,1.137695,0.05859375,-0.09667969
15.599810361862183,1.111328,0.05566406,-0.06738281
15.649764060974121,1.147461,0.01171875,-0.05566406
15.699615955352783,1.169922,-0.03027344,-0.1357422
15.750096321105957,1.165039,0.004882813,-0.2353516
15.798025608062744,1.146484,-0.1269531,-0.1679688
15.849729537963867,1.008789,0.0078125,-0.04589844
15.899784803390503,1.192383,-0.1337891,-0.03417969
15.950225830078125,1.19043,-0.1787109,-0.1386719
16.000495433807373,1.157227,-0.2216797,-0.1582031
16.049842357635498,1.041992,-0.1162109,-0.06738281
16.099545001983643,1.024414,-0.1855469,0.015625
16.150317668914795,0.9179688,-0.2753906,0.009765625
16.200377702713013,0.8925781,-0.3691406,0.09082031
16.248581409454346,0.9394531,-0.4570313,0.03515625
16.299518585205078,0.7919922,-0.4042969,-0.09667969
16.350449323654175,0.6953125,-0.515625,-0.01367188
16.398691177368164,0.6650391,-0.5703125,-0.1113281
16.448295831680298,0.7148438,-0.7138672,-0.1474609
16.500175714492798,0.6220703,-0.7490234,-0.1152344
16.54811930656433,0.5664063,-0.7519531,-0.09765625
16.59873652458191,0.484375,-0.7275391,-0.08203125
16.649843454360962,0.4306641,-0.6796875,-0.07910156
16.700007677078247,0.5595703,-0.8017578,-0.1738281
16.750245571136475,0.5957031,-0.8261719,-0.1826172
16.798044443130493,0.4121094,-0.7099609,-0.1748047
16.850130558013916,0.3974609,-0.7714844,-0.1435547
16.900163888931274,0.3798828,-0.7597656,-0.1367188
16.950073957443237,0.3388672,-0.7353516,-0.1347656
17.000053644180298,0.3095703,-0.7636719,-0.1650391
17.049882411956787,0.3710938,-0.8535156,-0.1748047
17.100353479385376,0.4414063,-0.9765625,-0.2558594
17.149547815322876,0.5732422,-1.152344,-0.2119141
17.200318098068237,0.484375,-1.09668,-0.1669922
17.249740839004517,0.3837891,-1.014648,-0.109375
17.300869703292847,0.2695313,-0.9111328,-0.07617188
17.34782600402832,0.2041016,-0.8164063,-0.07128906
17.398683786392212,0.1455078,-0.7724609,-0.07714844
17.4478440284729,0.1210938,-0.7900391,-0.1181641
17.49872636795044,0.1455078,-0.9082031,-0.1347656
17.550275325775146,0.2587891,-1.03125,-0.1777344
17.598406076431274,0.2998047,-1.088867,-0.2402344
17.64854621887207,0.4101563,-1.222656,-0.1132813
17.698817253112793,0.2089844,-1.03418,-0.01171875
17.748714923858643,-0.03222656,-0.9082031,0.1123047
17.79903483390808,-0.06640625,-0.8681641,0.07226563
17.84782648086548,-0.03808594,-0.9013672,0.03417969
17.898399353027344,0.001953125,-0.9482422,0.01464844
17.94810461997986,0.03027344,-0.9785156,-0.005859375
17.998703718185425,-0.04492188,-0.953125,0.04394531
18.048213958740234,-0.00390625,-0.9521484,-0.01464844
18.097912073135376,0.06054688,-0.984375,-0.04101563
18.147897958755493,0.09667969,-0.9980469,-0.08398438
18.198439121246338,0.1123047,-0.9941406,-0.1220703
18.24841022491455,0.08789063,-0.9970703,-0.1269531
18.298478364944458,0.07128906,-0.9648438,-0.1513672
18.35036039352417,0.09570313,-0.9658203,-0.1513672
18.400092363357544,0.1162109,-1.006836,-0.1396484
18.448317050933838,0.1083984,-0.9970703,-0.1318359
18.499151468276978,0.06933594,-0.9765625,-0.1054688
18.548463821411133,0.1064453,-0.9882813,-0.1142578
18.59934115409851,0.1025391,-0.9853516,-0.1337891
18.648261547088623,0.06640625,-0.9550781,-0.1259766
18.69971990585327,0.0390625,-0.9785156,-0.1455078
18.749433517456055,0.09960938,-0.9853516,-0.1484375
18.79895830154419,0.09179688,-0.9765625,-0.1796875
18.849886417388916,0.1064453,-0.9609375,-0.1923828
18.90025234222412,0.1044922,-0.9648438,-0.1972656
18.948458909988403,0.1601563,-0.9746094,-0.2050781
19.000094890594482,0.1621094,-0.9746094,-0.1904297
19.048718214035034,0.1445313,-0.984375,-0.2138672
19.099798679351807,0.09570313,-0.9736328,-0.1757813
19.149702548980713,0.1074219,-0.9707031,-0.1728516
19.19963526725769,0.1113281,-0.9882813,-0.15625
19.249764442443848,0.1162109,-0.9863281,-0.1708984
19.300225496292114,0.1269531,-0.9980469,-0.1591797
19.349698066711426,0.09960938,-0.9765625,-0.1474609
19.40013813972473,0.1044922,-0.96875,-0.1210938
19.45000433921814,0.1240234,-0.9833984,-0.1220703
19.498825073242188,0.1445313,-1.000977,-0.1572266
19.549814462661743,0.1757813,-0.9960938,-0.21875
19.600030660629272,0.2177734,-1.000977,-0.2480469
19.649812936782837,0.1494141,-0.9804688,-0.21875
19.700299739837646,0.1679688,-0.9697266,-0.2392578
19.75049901008606,0.1171875,-0.9472656,-0.2460938
19.79793357849121,0.1445313,-0.9697266,-0.2587891
19.849629640579224,0.1630859,-0.9765625,-0.2490234
19.899590015411377,0.1494141,-0.9794922,-0.2119141
19.949983835220337,0.1386719,-0.9658203,-0.2128906
19.99993658065796,0.1230469,-0.9628906,-0.2001953
20.05026149749756,0.1298828,-0.9833984,-0.1894531
20.100626468658447,0.1464844,-0.9853516,-0.2080078
20.149646282196045,0.1308594,-0.9775391,-0.2001953
20.20023465156555,0.1396484,-0.9599609,-0.2216797
20.248806476593018,0.1474609,-0.96875,-0.2197266
20.299102544784546,0.1582031,-0.9628906,-0.2382813
20.34970188140869,0.1621094,-0.9755859,-0.2324219
20.40010094642639,0.1699219,-0.9726563,-0.2392578
20.449028968811035,0.1669922,-0.9755859,-0.2314453
20.599403381347656,0.1708984,-0.9726563,-0.2353516
20.650497913360596,0.1875,-0.9189453,-0.2958984
20.699984073638916,0.1914063,-1.019531,-0.1982422
20.750329732894897,0.1269531,-0.9912109,-0.1826172
20.800462007522583,0.1552734,-0.9677734,-0.2138672
20.85055708885193,0.1699219,-0.9667969,-0.2080078
